1 0.18028846153846154 0.057692307692307696 0.020432692307692308 0.030048076923076924
1 0.07451923076923077 0.06009615384615385 0.03365384615384615 0.0811298076923077
1 0.5144230769230769 0.24759615384615385 0.09134615384615384 0.08173076923076923
1 0.44591346153846156 0.5637019230769231 0.04567307692307692 0.1466346153846154
1 0.0889423076923077 0.36658653846153844 0.05228365384615385 0.10757211538461539
1 0.03245192307692308 0.6995192307692307 0.04807692307692308 0.16346153846153846
1 0.9459134615384616 0.6418269230769231 0.021033653846153848 0.0811298076923077
1 0.8846153846153846 0.7307692307692307 0.054086538461538464 0.056490384615384616
1 0.7463942307692307 0.7019230769230769 0.16826923076923078 0.27163461538461536
1 0.5853365384615384 0.6550480769230769 0.01201923076923077 0.0733173076923077
1 0.6274038461538461 0.6346153846153846 0.037259615384615384 0.14543269230769232
1 0.5360576923076923 0.78125 0.038461538461538464 0.08533653846153846
1 0.5528846153846154 0.44591346153846156 0.013221153846153846 0.07211538461538461
1 0.4987980769230769 0.5420673076923077 0.03365384615384615 0.06370192307692307
1 0.49038461538461536 0.7307692307692307 0.04326923076923077 0.17307692307692307