1 0.3641826923076923 0.12620192307692307 0.2668269230769231 0.25240384615384615
1 0.9567307692307693 0.13221153846153846 0.08653846153846154 0.2644230769230769
1 0.8377403846153846 0.0829326923076923 0.01201923076923077 0.0733173076923077
1 0.8786057692307693 0.0673076923076923 0.036057692307692304 0.1346153846153846
1 0.7884615384615384 0.2091346153846154 0.038461538461538464 0.08533653846153846
1 0.6057692307692307 0.23677884615384615 0.025240384615384616 0.0733173076923077
1 0.5300480769230769 0.16346153846153846 0.014423076923076924 0.052884615384615384
1 0.7391826923076923 0.15865384615384615 0.05048076923076923 0.17307692307692307
1 0.6935096153846154 0.15144230769230768 0.013221153846153846 0.08173076923076923
1 0.6418269230769231 0.09735576923076923 0.026442307692307692 0.08774038461538461
1 0.6923076923076923 0.04807692307692308 0.028846153846153848 0.09615384615384616
1 0.5769230769230769 0.026442307692307692 0.02403846153846154 0.052884615384615384
1 0.4254807692307692 0.8100961538461539 0.052884615384615384 0.13701923076923078