1 0.44591346153846156 0.2920673076923077 0.10817307692307693 0.27163461538461536
1 0.3161057692307692 0.24639423076923078 0.01201923076923077 0.07391826923076923
1 0.3581730769230769 0.22596153846153846 0.037259615384615384 0.14543269230769232
1 0.2668269230769231 0.37259615384615385 0.038461538461538464 0.0859375
1 0.28365384615384615 0.037259615384615384 0.013221153846153846 0.07211538461538461
1 0.0829326923076923 0.3954326923076923 0.026442307692307692 0.06490384615384616
1 0.008413461538461538 0.3269230769230769 0.014423076923076924 0.052884615384615384
1 0.22956730769230768 0.13341346153846154 0.03365384615384615 0.06430288461538461
1 0.21754807692307693 0.32211538461538464 0.05048076923076923 0.17307692307692307
1 0.171875 0.31490384615384615 0.012620192307692308 0.08173076923076923
1 0.1201923076923077 0.2608173076923077 0.026442307692307692 0.08774038461538461
1 0.17067307692307693 0.21153846153846154 0.028846153846153848 0.10036057692307693
1 0.056490384615384616 0.18509615384615385 0.02283653846153846 0.06370192307692307
1 0.14423076923076922 0.11658653846153846 0.024639423076923076 0.06430288461538461
1 0.028846153846153848 0.11899038461538461 0.01201923076923077 0.06610576923076923
2 0.16826923076923078 0.6935096153846154 0.04807692307692308 0.05048076923076923
1 0.8365384615384616 0.7355769230769231 0.09495192307692307 0.11057692307692307