1 0.9747596153846154 0.2776442307692308 0.01201923076923077 0.0733173076923077
1 0.9254807692307693 0.40384615384615385 0.038461538461538464 0.08533653846153846
1 0.9423076923076923 0.06850961538461539 0.013221153846153846 0.07211538461538461
1 0.6153846153846154 0.3894230769230769 0.03365384615384615 0.04807692307692308
1 0.7427884615384616 0.43149038461538464 0.025240384615384616 0.0733173076923077
1 0.6670673076923077 0.3581730769230769 0.014423076923076924 0.052884615384615384
1 0.8882211538461539 0.16466346153846154 0.03365384615384615 0.06370192307692307
1 0.8762019230769231 0.35336538461538464 0.05048076923076923 0.17307692307692307
1 0.8305288461538461 0.34615384615384615 0.013221153846153846 0.08173076923076923
1 0.7788461538461539 0.2920673076923077 0.026442307692307692 0.08774038461538461
1 0.8293269230769231 0.24278846153846154 0.028846153846153848 0.09975961538461539
1 0.7151442307692307 0.21634615384615385 0.02283653846153846 0.06370192307692307
1 0.8028846153846154 0.14783653846153846 0.025240384615384616 0.06370192307692307
1 0.6875 0.1502403846153846 0.01201923076923077 0.06610576923076923
1 0.2439903846153846 0.7740384615384616 0.22355769230769232 0.2692307692307692