1 0.39663461538461536 0.44711538461538464 0.055288461538461536 0.055288461538461536
1 0.5336538461538461 0.4050480769230769 0.16826923076923078 0.24759615384615385
1 0.6959134615384616 0.3713942307692308 0.01201923076923077 0.0733173076923077
1 0.6538461538461539 0.35096153846153844 0.037259615384615384 0.14543269230769232
1 0.7451923076923077 0.49158653846153844 0.038461538461538464 0.07451923076923077
1 0.7283653846153846 0.1622596153846154 0.013221153846153846 0.07211538461538461
1 0.9266826923076923 0.5084134615384616 0.026442307692307692 0.040865384615384616
1 0.9975961538461539 0.4519230769230769 0.004807692307692308 0.052884615384615384
1 0.7824519230769231 0.25841346153846156 0.03365384615384615 0.06370192307692307
1 0.7944711538461539 0.44471153846153844 0.05048076923076923 0.16826923076923078
1 0.8401442307692307 0.43990384615384615 0.013221153846153846 0.08173076923076923
1 0.8918269230769231 0.3858173076923077 0.026442307692307692 0.08774038461538461
1 0.8413461538461539 0.33653846153846156 0.028846153846153848 0.09975961538461539
1 0.9555288461538461 0.31009615384615385 0.02283653846153846 0.06370192307692307
1 0.8677884615384616 0.24158653846153846 0.025240384615384616 0.06370192307692307
1 0.9831730769230769 0.2439903846153846 0.01201923076923077 0.06610576923076923