1 0.5048076923076923 0.13942307692307693 0.055288461538461536 0.055288461538461536
1 0.6418269230769231 0.12259615384615384 0.16826923076923078 0.24519230769230768
1 0.8040865384615384 0.06370192307692307 0.01201923076923077 0.0733173076923077
1 0.7608173076923077 0.057692307692307696 0.036057692307692304 0.11538461538461539
1 0.8533653846153846 0.18990384615384615 0.038461538461538464 0.08533653846153846
1 0.9026442307692307 0.13942307692307693 0.05048076923076923 0.17307692307692307
1 0.9483173076923077 0.13221153846153846 0.013221153846153846 0.08173076923076923
1 0.9927884615384616 0.07692307692307693 0.014423076923076924 0.08653846153846154
1 0.9495192307692307 0.038461538461538464 0.028846153846153848 0.07692307692307693
2 0.08774038461538461 0.6983173076923077 0.03125 0.060697115384615384
1 0.48197115384615385 0.7896634615384616 0.06490384615384616 0.19471153846153846