1 0.7475961538461539 0.17908653846153846 0.2980769230769231 0.3581730769230769
1 0.19230769230769232 0.6766826923076923 0.042067307692307696 0.09375
1 0.44471153846153844 0.6310096153846154 0.03365384615384615 0.055288461538461536
1 0.5733173076923077 0.6033653846153846 0.16826923076923078 0.27163461538461536
1 0.734375 0.5564903846153846 0.01201923076923077 0.0733173076923077
1 0.6923076923076923 0.5360576923076923 0.037259615384615384 0.14543269230769232
1 0.7836538461538461 0.6826923076923077 0.038461538461538464 0.08533653846153846
1 0.765625 0.3701923076923077 0.01201923076923077 0.02403846153846154
1 0.9663461538461539 0.7103365384615384 0.025240384615384616 0.0733173076923077
1 0.8209134615384616 0.44350961538461536 0.03365384615384615 0.06370192307692307
1 0.8329326923076923 0.6322115384615384 0.05048076923076923 0.17307692307692307
1 0.8786057692307693 0.625 0.013221153846153846 0.08173076923076923
1 0.9302884615384616 0.5709134615384616 0.026442307692307692 0.08774038461538461
1 0.8798076923076923 0.5216346153846154 0.028846153846153848 0.09975961538461539
1 0.9903846153846154 0.49399038461538464 0.019230769230769232 0.06490384615384616
1 0.90625 0.4266826923076923 0.025240384615384616 0.06370192307692307